<table class=wikitable><tr><th></th><th>ADM 389</th><th>CSAPC 390</th><th>CDC 391</th><th>CDUP 392</th><th>SY 393</th><th>Ishtar 394</th><th>JJ 395</th><th>Total</th></tr><tr><td>Anbar</td><td>494</td><td>137</td><td>87</td><td>83</td><td>68</td><td>61</td><td>7</td><td>937</td></tr><tr><td>Babil</td><td>201</td><td>481</td><td>610</td><td>96</td><td>162</td><td>58</td><td>74</td><td>1682</td></tr><tr><td>Baghdad</td><td>6663</td><td>3440</td><td>812</td><td>611</td><td>532</td><td>723</td><td>252</td><td>13033</td></tr><tr><td>Basra</td><td>326</td><td>488</td><td>1295</td><td>247</td><td>243</td><td>103</td><td>50</td><td>2752</td></tr><tr><td>Diyala</td><td>101</td><td>119</td><td>67</td><td>795</td><td>189</td><td>81</td><td>22</td><td>1374</td></tr><tr><td>Dohuk</td><td>7152</td><td>3631</td><td>315</td><td>847</td><td>250</td><td>402</td><td>74</td><td>12671</td></tr><tr><td>Erbil</td><td>1871</td><td>2323</td><td>594</td><td>289</td><td>117</td><td>232</td><td>41</td><td>5467</td></tr><tr><td>Karbala</td><td>97</td><td>75</td><td>245</td><td>484</td><td>97</td><td>46</td><td>44</td><td>1088</td></tr><tr><td>Kirkuk</td><td>2115</td><td>525</td><td>455</td><td>124</td><td>91</td><td>159</td><td>59</td><td>3528</td></tr><tr><td>Missan</td><td>118</td><td>72</td><td>63</td><td>150</td><td>224</td><td>40</td><td>59</td><td>726</td></tr><tr><td>Muthanna</td><td>123</td><td>240</td><td>70</td><td>121</td><td>54</td><td>36</td><td>30</td><td>674</td></tr><tr><td>Najaf</td><td>126</td><td>54</td><td>82</td><td>200</td><td>367</td><td>65</td><td>27</td><td>921</td></tr><tr><td>Nineveh</td><td>7667</td><td>8858</td><td>1069</td><td>699</td><td>297</td><td>736</td><td>3694</td><td>23020</td></tr><tr><td>Qadissiya</td><td>117</td><td>64</td><td>104</td><td>320</td><td>384</td><td>91</td><td>61</td><td>1141</td></tr><tr><td>Salahadin</td><td>145</td><td>449</td><td>138</td><td>95</td><td>53</td><td>67</td><td>22</td><td>969</td></tr><tr><td>Sulaymani</td><td>294</td><td>88</td><td>42</td><td>205</td><td>112</td><td>41</td><td>43</td><td>825</td></tr><tr><td>Thiqar</td><td>373</td><td>606</td><td>90</td><td>137</td><td>137</td><td>46</td><td>31</td><td>1420</td></tr><tr><td>Wasit</td><td>112</td><td>232</td><td>470</td><td>44</td><td>91</td><td>90</td><td>48</td><td>1087</td></tr><tr><td>Total</td><td>28095</td><td>21882</td><td>6608</td><td>5547</td><td>3468</td><td>3077</td><td>4638</td><td>73315</td></tr></table>
