home team#home team score#away team#away team score#venue#date
st kilda#5.10 (40)#university#8.6 (54)#junction oval#23 may 1908
melbourne#12.3 (75)#south melbourne#10.13 (73)#mcg#23 may 1908
fitzroy#7.18 (60)#geelong#6.8 (44)#brunswick street oval#23 may 1908
essendon#11.16 (82)#richmond#6.9 (45)#emcg#23 may 1908
collingwood#5.9 (39)#carlton#10.7 (67)#victoria park#23 may 1908
