season#series#team#races#wins#poles#fast laps#points#pos
2009#champ car atlantic#jensen motorsport#2#0#0#0#8#17th
2008 - 09#a1 grand prix#a1 team mexico#4#0#0#0#19#13th (1)
2008#champ car atlantic#forsythe championship racing#6#0#0#0#94#13th
2007 - 08#a1 grand prix#a1 team mexico#10#0#0#0#5#16th (1)
2007#champ car atlantic#us racetronics#12#0#0#0#78#17th
2006#formula bmw usa#eurointernational#14#0#2#0#42#10th
