municipality (2010)#white (both hispanic and non - hispanic)#black (both hispanic and non - hispanic)#amerindian (both hispanic and non - hispanic)#n asia (both hispanic and non - hispanic)#multiracial (both hispanic and non - hispanic)#hispanic (of any race)
adjuntas#93.1#3.1#0.3#0.0#3.4#99.6
aguada#86.6#5.3#0.3#0.1#7.7#99.4
aguadilla#83.0#7.4#0.3#0.2#8.2#98.5
aguas buenas#72.5#12.6#0.6#0.1#14.2#99.5
aibonito#83.5#7.3#0.2#0.0#9.0#99.3
añasco#82.0#7.2#0.4#0.1#10.3#99.2
arecibo#84.5#6.1#0.4#0.1#7.9#99.2
arroyo#53.5#32.5#0.9#0.2#13.0#99.1
barceloneta#80.7#7.6#0.3#0.1#11.2#99.4
barranquitas#86.0#5.4#0.3#0.0#8.3#99.3
bayamón#78.3#10.3#0.6#0.2#10.7#99.0
cabo rojo#84.1#5.4#0.3#0.1#10.1#98.9
caguas#76.1#11.0#0.6#0.2#12.1#99.1
camuy#87.9#4.1#0.3#0.1#7.6#99.4
canóvanas#61.2#21.6#0.9#0.2#16.1#99.2
carolina#64.3#22.8#0.9#0.4#11.7#98.6
cataño#70.7#14.4#1.0#0.3#13.7#99.0
cayey#79.9#8.3#0.4#0.1#11.3#99.3
ceiba#70.6#16.5#0.7#0.1#12.0#98.8
ciales#89.5#4.2#0.1#0.0#6.2#99.7
cidra#76.6#8.3#0.4#0.1#14.6#99.4
coamo#76.8#10.4#0.3#0.1#12.3#99.6
comerío#78.6#8.6#0.6#0.1#12.1#99.6
corozal#85.4#5.3#0.2#0.1#9.0#99.4
culebra#56.9#26.6#0.9#0.2#15.4#91.7
dorado#69.5#15.7#0.7#0.2#13.9#98.0
fajardo#64.8#18.6#0.7#0.3#15.7#98.2
florida#90.4#4.6#0.3#0.1#4.5#99.6
guánica#79.9#7.7#0.5#0.0#11.8#99.4
guayama#68.2#18.5#0.8#0.1#12.3#99.1
guayanilla#81.9#8.3#0.4#0.1#9.3#99.5
guaynabo#79.4#9.8#0.4#0.2#10.1#98.2
gurabo#72.5#14.6#0.4#0.1#12.5#99.2
hatillo#87.3#4.4#0.2#0.1#8.0#99.2
hormigueros#81.2#8.3#0.4#0.1#10.0#99.5
humacao#66.1#18.5#0.8#0.2#14.3#99.0
isabela#83.4#7.5#0.3#0.1#8.6#99.0
jayuya#90.7#3.4#0.4#0.1#5.5#99.6
juana díaz#75.3#14.3#0.5#0.1#9.9#99.4
juncos#71.7#13.7#0.5#0.1#14.1#99.3
lajas#80.6#5.2#0.2#0.1#13.9#99.3
lares#91.1#3.0#0.2#0.1#5.6#99.3
las marías#86.3#5.3#0.4#0.0#8.0#99.4
las piedras#70.5#11.8#0.5#0.1#17.1#99.4
loíza#26.5#64.3#0.5#0.1#8.6#99.4
luquillo#65.5#20.8#0.9#0.2#12.6#97.9
manatí#81.8#8.7#0.5#0.1#8.9#99.2
maricao#89.2#4.8#0.4#0.0#5.3#99.4
maunabo#47.9#30.4#0.8#0.1#20.8#99.2
mayagüez#78.7#8.2#0.8#0.2#12.1#98.9
moca#89.5#4.5#0.2#0.1#5.8#99.4
morovis#88.4#5.2#0.2#0.1#6.1#99.4
naguabo#71.1#15.9#0.4#0.2#12.4#99.2
naranjito#84.2#6.0#0.5#0.1#9.4#99.5
orocovis#86.7#6.2#0.4#0.1#6.6#99.6
patillas#61.7#19.9#0.6#0.1#17.7#99.3
peñuelas#81.8#9.2#0.4#0.2#8.4#99.4
ponce#82.0#9.0#0.5#0.2#8.3#99.2
quebradillas#89.2#3.7#0.1#0.1#6.9#99.3
rincón#85.7#5.3#0.5#0.2#8.2#96.4
río grande#61.9#24.6#0.7#0.2#12.6#99.0
sabana grande#85.3#5.5#0.4#0.0#8.8#99.5
salinas#67.4#16.4#0.6#0.1#15.5#99.3
san germán#83.4#5.6#0.4#0.1#10.5#99.2
san juan#68.0#18.6#0.8#0.4#12.2#98.2
san lorenzo#76.1#9.9#0.8#0.1#13.2#99.5
san sebastián#88.5#3.0#0.3#0.1#8.1#99.3
santa isabel#73.0#15.6#0.5#0.1#10.9#99.6
toa alta#76.3#9.6#0.4#0.1#13.5#99.3
toa baja#70.2#16.8#0.6#0.3#12.1#99.0
trujillo alto#72.1#14.6#0.7#0.2#12.3#98.9
utuado#92.7#2.7#0.2#0.1#4.3#99.4
vega alta#71.2#14.9#0.7#0.2#13.1#98.7
vega baja#77.3#11.5#0.5#0.1#10.6#99.3
vieques#58.7#28.1#0.7#0.1#12.5#94.3
villalba#82.1#8.5#0.2#0.0#9.1#99.7
yabucoa#65.6#14.1#0.5#0.2#19.8#99.3
yauco#83.0#5.9#0.3#0.1#9.6#99.5
puerto rico#75.8#12.4#0.5#0.2#11.1#99.0
